{
"lowlevel": {
    "average_loudness": 0.885135531425,
    "barkbands_crest": {
        "dmean": 3.11679768562,
        "dmean2": 4.71603775024,
        "dvar": 10.6273727417,
        "dvar2": 22.0835800171,
        "max": 26.9210662842,
        "mean": 13.5717735291,
        "median": 12.7899646759,
        "min": 2.05212497711,
        "var": 33.6588401794
    },
    "barkbands_flatness_db": {
        "dmean": 0.0335130244493,
        "dmean2": 0.045103341341,
        "dvar": 0.00150833453517,
        "dvar2": 0.00274771871045,
        "max": 0.715745210648,
        "mean": 0.167434424162,
        "median": 0.154435575008,
        "min": 0.0116400020197,
        "var": 0.00810668151826
    },
    "barkbands_kurtosis": {
        "dmean": 28.7970237732,
        "dmean2": 40.3883666992,
        "dvar": 48435.9960938,
        "dvar2": 87855.703125,
        "max": 20587.671875,
        "mean": 114.092895508,
        "median": 4.23527956009,
        "min": -1.96533048153,
        "var": 1332381.875
    },
    "barkbands_skewness": {
        "dmean": 1.22375655174,
        "dmean2": 1.61142265797,
        "dvar": 5.39227342606,
        "dvar2": 8.61182308197,
        "max": 132.604705811,
        "mean": 3.22637581825,
        "median": 1.73235785961,
        "min": -6.20841789246,
        "var": 87.9761810303
    },
    "barkbands_spread": {
        "dmean": 8.04018592834,
        "dmean2": 11.9475736618,
        "dvar": 133.813735962,
        "dvar2": 283.492004395,
        "max": 121.582763672,
        "mean": 20.7151317596,
        "median": 16.0035324097,
        "min": 0.0222755912691,
        "var": 355.75604248
    },
    "dissonance": {
        "dmean": 0.0219363681972,
        "dmean2": 0.0359598435462,
        "dvar": 0.00050905905664,
        "dvar2": 0.0013259149855,
        "max": 0.499999910593,
        "mean": 0.457328230143,
        "median": 0.465436518192,
        "min": 0.275473117828,
        "var": 0.00111836718861
    },
    "dynamic_complexity": 4.62783718109,
    "erbbands_crest": {
        "dmean": 3.40038871765,
        "dmean2": 5.32480573654,
        "dvar": 10.5146980286,
        "dvar2": 23.4116840363,
        "max": 32.6871299744,
        "mean": 11.8385763168,
        "median": 10.76329422,
        "min": 1.95350420475,
        "var": 33.8579597473
    },
    "erbbands_flatness_db": {
        "dmean": 0.0217054653913,
        "dmean2": 0.0303897894919,
        "dvar": 0.000461316521978,
        "dvar2": 0.000864171248395,
        "max": 0.425828248262,
        "mean": 0.151687055826,
        "median": 0.143664211035,
        "min": 0.0238299928606,
        "var": 0.00336397206411
    },
    "erbbands_kurtosis": {
        "dmean": 2.21946883202,
        "dmean2": 3.38520860672,
        "dvar": 22.1567173004,
        "dvar2": 48.7547874451,
        "max": 139.234863281,
        "mean": 2.47343826294,
        "median": 0.690593719482,
        "min": -1.9243144989,
        "var": 38.1281394958
    },
    "erbbands_skewness": {
        "dmean": 0.560962617397,
        "dmean2": 0.808895647526,
        "dvar": 0.43628847599,
        "dvar2": 0.840437650681,
        "max": 10.6204185486,
        "mean": 0.652518153191,
        "median": 0.57390499115,
        "min": -6.45142841339,
        "var": 1.54546439648
    },
    "erbbands_spread": {
        "dmean": 12.055314064,
        "dmean2": 17.9291381836,
        "dvar": 243.826828003,
        "dvar2": 521.95489502,
        "max": 220.589889526,
        "mean": 42.1716804504,
        "median": 35.4337730408,
        "min": 1.20010638237,
        "var": 891.20098877
    },
    "hfc": {
        "dmean": 9.78163528442,
        "dmean2": 13.8128890991,
        "dvar": 271.931610107,
        "dvar2": 609.622192383,
        "max": 185.22303772,
        "mean": 21.8880577087,
        "median": 14.210108757,
        "min": 1.1163033977e-16,
        "var": 536.194763184
    },
    "melbands_crest": {
        "dmean": 3.77307319641,
        "dmean2": 5.82761478424,
        "dvar": 14.1556787491,
        "dvar2": 34.6902999878,
        "max": 39.9980621338,
        "mean": 19.1868019104,
        "median": 18.9767570496,
        "min": 1.60577130318,
        "var": 49.8879203796
    },
    "melbands_flatness_db": {
        "dmean": 0.0398808568716,
        "dmean2": 0.0528045967221,
        "dvar": 0.00228077871725,
        "dvar2": 0.0041521769017,
        "max": 0.698016703129,
        "mean": 0.237432673573,
        "median": 0.222876191139,
        "min": 0.000852913304698,
        "var": 0.0117232427001
    },
    "melbands_kurtosis": {
        "dmean": 46.5720787048,
        "dmean2": 67.5234451294,
        "dvar": 126816.40625,
        "dvar2": 242566.515625,
        "max": 37794.7773438,
        "mean": 170.424713135,
        "median": 10.8405570984,
        "min": -1.93655896187,
        "var": 2772429.5
    },
    "melbands_skewness": {
        "dmean": 1.43546032906,
        "dmean2": 2.02252674103,
        "dvar": 6.63192462921,
        "dvar2": 12.1944561005,
        "max": 188.117218018,
        "mean": 4.51301527023,
        "median": 2.59022188187,
        "min": -3.47123503685,
        "var": 123.508956909
    },
    "melbands_spread": {
        "dmean": 10.7024097443,
        "dmean2": 16.074382782,
        "dvar": 407.575408936,
        "dvar2": 765.482849121,
        "max": 314.054290771,
        "mean": 24.3783512115,
        "median": 15.7306289673,
        "min": 0.024566648528,
        "var": 1135.28967285
    },
    "pitch_salience": {
        "dmean": 0.0839745551348,
        "dmean2": 0.12536342442,
        "dvar": 0.00889880117029,
        "dvar2": 0.0180314742029,
        "max": 0.994203329086,
        "mean": 0.462780326605,
        "median": 0.475369632244,
        "min": 0.000790567020886,
        "var": 0.0275405347347
    },
    "silence_rate_20dB": {
        "dmean": 0.00172903540079,
        "dmean2": 0.0034584980458,
        "dvar": 0.00172596087214,
        "dvar2": 0.0046813855879,
        "max": 1,
        "mean": 0.998888611794,
        "median": 1,
        "min": 0,
        "var": 0.00111023150384
    },
    "silence_rate_30dB": {
        "dmean": 0.049401011318,
        "dmean2": 0.098814226687,
        "dvar": 0.0469612367451,
        "dvar2": 0.0917683541775,
        "max": 1,
        "mean": 0.908742904663,
        "median": 1,
        "min": 0,
        "var": 0.0829218551517
    },
    "silence_rate_60dB": {
        "dmean": 0.04569593817,
        "dmean2": 0.0914031639695,
        "dvar": 0.0436054877937,
        "dvar2": 0.0936780273914,
        "max": 1,
        "mean": 0.117065943778,
        "median": 0,
        "min": 0,
        "var": 0.103368937969
    },
    "spectral_centroid": {
        "dmean": 341.031341553,
        "dmean2": 496.293029785,
        "dvar": 269430.53125,
        "dvar2": 491161.375,
        "max": 11506.4521484,
        "mean": 1328.29284668,
        "median": 1136.58581543,
        "min": 84.6137313843,
        "var": 1041356.5
    },
    "spectral_complexity": {
        "dmean": 4.25540304184,
        "dmean2": 6.4414525032,
        "dvar": 44.0446586609,
        "dvar2": 89.0942459106,
        "max": 58,
        "mean": 10.9632005692,
        "median": 9,
        "min": 0,
        "var": 81.2772674561
    },
    "spectral_decrease": {
        "dmean": 4.58702231754e-09,
        "dmean2": 5.83695403122e-09,
        "dvar": 8.57833212902e-17,
        "dvar2": 1.13019460568e-16,
        "max": 1.15419550524e-24,
        "mean": -1.0456523647e-08,
        "median": -5.4381859016e-09,
        "min": -1.03406847529e-07,
        "var": 2.40425431639e-16
    },
    "spectral_energy": {
        "dmean": 0.0178215708584,
        "dmean2": 0.0227244626731,
        "dvar": 0.00122975802515,
        "dvar2": 0.00161299505271,
        "max": 0.393643170595,
        "mean": 0.0414505563676,
        "median": 0.0225390605628,
        "min": 1.03409281498e-20,
        "var": 0.00350736430846
    },
    "spectral_energyband_high": {
        "dmean": 0.000661036581732,
        "dmean2": 0.000960254343227,
        "dvar": 2.24155292017e-06,
        "dvar2": 5.17632497576e-06,
        "max": 0.019155073911,
        "mean": 0.0010039183544,
        "median": 0.000397228228394,
        "min": 7.06466203731e-21,
        "var": 2.9878751775e-06
    },
    "spectral_energyband_low": {
        "dmean": 0.0140452720225,
        "dmean2": 0.0174345690757,
        "dvar": 0.00134505121969,
        "dvar2": 0.00181456038263,
        "max": 0.390647172928,
        "mean": 0.0263384524733,
        "median": 0.00302546075545,
        "min": 2.9984236976e-23,
        "var": 0.00339090568013
    },
    "spectral_energyband_middle_high": {
        "dmean": 0.00310676172376,
        "dmean2": 0.00460556242615,
        "dvar": 3.11566909659e-05,
        "dvar2": 6.83928665239e-05,
        "max": 0.0828510299325,
        "mean": 0.00610851077363,
        "median": 0.00177319301292,
        "min": 1.13947693768e-21,
        "var": 9.78664611466e-05
    },
    "spectral_energyband_middle_low": {
        "dmean": 0.00546791078523,
        "dmean2": 0.00886604934931,
        "dvar": 0.000146047706949,
        "dvar2": 0.000394730217522,
        "max": 0.142917215824,
        "mean": 0.00919259060174,
        "median": 0.00429858407006,
        "min": 1.38399902914e-22,
        "var": 0.000156477457494
    },
    "spectral_entropy": {
        "dmean": 0.222546964884,
        "dmean2": 0.305386900902,
        "dvar": 0.0708380043507,
        "dvar2": 0.133380413055,
        "max": 9.82020568848,
        "mean": 7.6489648819,
        "median": 7.6903963089,
        "min": 4.61920642853,
        "var": 0.369960069656
    },
    "spectral_flux": {
        "dmean": 0.0406194031239,
        "dmean2": 0.0608815699816,
        "dvar": 0.00327420351095,
        "dvar2": 0.00588007876649,
        "max": 0.539007782936,
        "mean": 0.0932775810361,
        "median": 0.0606587864459,
        "min": 6.59725607477e-11,
        "var": 0.00906332954764
    },
    "spectral_kurtosis": {
        "dmean": 1.15276122093,
        "dmean2": 1.78607010841,
        "dvar": 4.62513446808,
        "dvar2": 11.7143096924,
        "max": 69.8737716675,
        "mean": 3.91626214981,
        "median": 3.05680418015,
        "min": -1.40723800659,
        "var": 17.1790313721
    },
    "spectral_rms": {
        "dmean": 0.00117451499682,
        "dmean2": 0.00149344129022,
        "dvar": 3.07317623083e-06,
        "dvar2": 3.86060855817e-06,
        "max": 0.0195969920605,
        "mean": 0.00525638228282,
        "median": 0.00468927808106,
        "min": 3.17627304666e-12,
        "var": 1.28101610244e-05
    },
    "spectral_rolloff": {
        "dmean": 733.551147461,
        "dmean2": 1226.13049316,
        "dvar": 2465040,
        "dvar2": 5011414,
        "max": 20951.8066406,
        "mean": 1672.07446289,
        "median": 904.39453125,
        "min": 21.533203125,
        "var": 6254313
    },
    "spectral_skewness": {
        "dmean": 0.195859670639,
        "dmean2": 0.283335417509,
        "dvar": 0.0670940577984,
        "dvar2": 0.13804769516,
        "max": 6.7530298233,
        "mean": 1.58278727531,
        "median": 1.5291980505,
        "min": -0.558424592018,
        "var": 0.34472873807
    },
    "spectral_spread": {
        "dmean": 659780.4375,
        "dmean2": 927088.875,
        "dvar": 938817880064,
        "dvar2": 1.66290364826e+12,
        "max": 42272204,
        "mean": 6414307.5,
        "median": 6105285,
        "min": 1221554.625,
        "var": 7.11244172493e+12
    },
    "spectral_strongpeak": {
        "dmean": 0.652327418327,
        "dmean2": 1.04709601402,
        "dvar": 1.26168167591,
        "dvar2": 2.96450257301,
        "max": 11.6791229248,
        "mean": 1.30224704742,
        "median": 0.600111365318,
        "min": 0,
        "var": 2.99128174782
    },
    "zerocrossingrate": {
        "dmean": 0.0177536103874,
        "dmean2": 0.0188426747918,
        "dvar": 0.000631223840173,
        "dvar2": 0.00058585422812,
        "max": 0.52001953125,
        "mean": 0.0707392171025,
        "median": 0.05419921875,
        "min": 0,
        "var": 0.00458308449015
    },
    "barkbands": {
        "dmean": [0.000656501331832, 0.0125895394012, 0.00612096814439, 0.00222296523862, 0.00134215259459, 0.000801955233328, 0.00108316366095, 0.00052066805074, 0.000461162650026, 0.000652242917567, 0.00108212290797, 0.000736518239137, 0.000336313678417, 0.00049174920423, 0.000284988753265, 0.000294475903502, 0.000222422982915, 0.000113411944767, 0.000138069575769, 0.00013389319065, 9.80057011475e-05, 0.000109543601866, 0.000129356107209, 0.000132583649247, 0.000112209105282, 5.79355655645e-05, 1.4852302229e-05],
        "dmean2": [0.000904820743017, 0.0169846601784, 0.0104153621942, 0.00401673279703, 0.00211762613617, 0.00113676290493, 0.00161127990577, 0.000816083804239, 0.000690197106451, 0.00100571825169, 0.00162020477001, 0.0011078043608, 0.000515528430697, 0.000758968992159, 0.000456749810837, 0.000471204868518, 0.000349397625541, 0.000184413089301, 0.000220820322284, 0.000209260208067, 0.000157933623996, 0.000168021520949, 0.000191627186723, 0.000190602513612, 0.000159432660439, 8.36334002088e-05, 2.20537458517e-05],
        "dvar": [2.61487684838e-06, 0.00138513371348, 0.000549590913579, 7.03383266227e-05, 1.34831980176e-05, 7.76973411121e-06, 1.24745820358e-05, 3.96865834773e-06, 2.8666649996e-06, 6.20865785095e-06, 1.42346807479e-05, 8.71382508194e-06, 9.34495233196e-07, 2.8607942113e-06, 6.42995132694e-07, 9.9331293768e-07, 4.06311698953e-07, 8.70711502898e-08, 8.82138238012e-08, 8.62673203983e-08, 8.31468298657e-08, 8.94929783612e-08, 9.09502233526e-08, 9.20620522038e-08, 6.32951682178e-08, 1.64882845155e-08, 1.63790236929e-09],
        "dvar2": [5.23285780218e-06, 0.00223445822485, 0.00139208475593, 0.000204254392884, 3.35236036335e-05, 1.62660489877e-05, 2.66600891337e-05, 9.49870081968e-06, 6.05312789048e-06, 1.39835592563e-05, 3.06319343508e-05, 1.76018838829e-05, 1.96908149519e-06, 5.83752444072e-06, 1.50914763708e-06, 2.60760225501e-06, 9.11570282369e-07, 2.27819768384e-07, 2.20032120524e-07, 2.10740296325e-07, 2.13913580183e-07, 2.17940808511e-07, 2.06728344665e-07, 1.93650237179e-07, 1.2803491245e-07, 3.65302383898e-08, 3.63119800895e-09],
        "max": [0.0316005572677, 0.380941808224, 0.196239292622, 0.104751929641, 0.0685944110155, 0.0469028130174, 0.0620498731732, 0.0387351438403, 0.0431813113391, 0.0442365519702, 0.0706080794334, 0.0792524218559, 0.0219136625528, 0.0437816940248, 0.0262541808188, 0.0349275320768, 0.0164966620505, 0.00571821257472, 0.00379902496934, 0.00404014997184, 0.00420086365193, 0.00412277225405, 0.0051387399435, 0.00561354868114, 0.0053730327636, 0.00175725761801, 0.000577531172894],
        "mean": [0.00169717345852, 0.0183434970677, 0.00513202510774, 0.00221079215407, 0.00248446920887, 0.00143252429552, 0.00165127264336, 0.000659487850498, 0.000702720659319, 0.000917893717997, 0.00158000306692, 0.00105680548586, 0.000486246368382, 0.000667103275191, 0.000333546864567, 0.000358637073077, 0.000290855765343, 0.000138993636938, 0.000190240403754, 0.000185629964108, 0.000112757654279, 0.000133730645757, 0.00018685212126, 0.000211339603993, 0.00018230752903, 8.56975966599e-05, 1.79931612365e-05],
        "median": [0.000266065064352, 0.00165381503757, 0.000250776240136, 0.00045070896158, 0.000318693957524, 0.000109301923658, 0.000155292451382, 5.35532672075e-05, 5.32772137376e-05, 7.77328677941e-05, 9.71882618614e-05, 6.44767133053e-05, 8.48639465403e-05, 7.92994833319e-05, 6.48701025057e-05, 6.84158949298e-05, 4.62378411612e-05, 3.87521904486e-05, 5.53028512513e-05, 4.61702802568e-05, 3.59310652129e-05, 4.05229875469e-05, 6.31782095297e-05, 7.24643032299e-05, 6.39756253804e-05, 2.98785416817e-05, 3.41830491379e-06],
        "min": [6.14726171281e-25, 4.85767410901e-24, 3.08492734457e-24, 4.51300934104e-24, 8.9974074859e-24, 6.18438314042e-24, 1.95680876067e-23, 1.55540619761e-23, 1.6223796996e-23, 1.95621364401e-23, 1.83938933929e-23, 2.89988203322e-23, 3.55853986831e-23, 4.27795861022e-23, 5.42851224049e-23, 7.0842441903e-23, 7.12684646572e-23, 1.34373279174e-22, 1.35867937087e-22, 1.96776834212e-22, 3.53986323928e-22, 2.9161378059e-22, 4.58038894862e-22, 6.197406382e-22, 1.01767681392e-21, 1.35404548832e-21, 1.92998422717e-21],
        "var": [1.03882102849e-05, 0.00229359208606, 0.000419791496824, 4.23478559242e-05, 3.18581114698e-05, 2.12429349631e-05, 2.25960902753e-05, 5.2264599617e-06, 5.85488851357e-06, 1.23942236314e-05, 2.93801276712e-05, 1.78063746716e-05, 2.24443260777e-06, 5.49987726117e-06, 8.02346448836e-07, 1.27060286559e-06, 7.71118664034e-07, 9.61796473575e-08, 1.17180888992e-07, 1.25381745875e-07, 7.10776717483e-08, 9.06816453039e-08, 1.20307248608e-07, 1.75549615733e-07, 1.30719655544e-07, 2.46350158051e-08, 1.94424321087e-09]
    },
    "erbbands": {
        "dmean": [0.361409664154, 3.01246976852, 6.73119211197, 7.49241256714, 5.39870071411, 4.54104375839, 3.73802065849, 8.49636173248, 11.4239902496, 20.2135429382, 7.87626123428, 8.14976406097, 13.5857534409, 31.3236751556, 45.2155265808, 19.6057491302, 12.8671779633, 23.5384559631, 17.8157672882, 14.1296949387, 17.79180336, 13.2320976257, 6.22899103165, 5.85320329666, 7.54249429703, 6.55816507339, 4.15596055984, 3.86933255196, 3.84170222282, 3.76636505127, 3.6330165863, 3.04873657227, 2.1598098278, 1.36047875881, 0.750928938389, 0.308290928602, 0.0931237488985, 0.0206627100706, 0.00294261355884, 9.66966545093e-05],
        "dmean2": [0.502104759216, 3.95270061493, 10.1163682938, 13.0113992691, 9.13690757751, 7.06249570847, 5.45634698868, 11.9746236801, 16.5282592773, 30.8703403473, 11.9043836594, 12.2779855728, 20.357843399, 47.8049888611, 68.9232025146, 28.8772563934, 19.7729148865, 35.3140678406, 27.5466632843, 22.2599430084, 28.2939910889, 20.6229743958, 10.1149482727, 9.43322658539, 11.802904129, 10.2182273865, 6.63055515289, 6.21778392792, 5.95928573608, 5.76572370529, 5.34813165665, 4.48175001144, 3.08882069588, 1.93908560276, 1.07350838184, 0.442680865526, 0.135516002774, 0.0304304417223, 0.00435745390132, 0.000137710987474],
        "dvar": [1.02409696579, 84.4106750488, 536.185791016, 799.579528809, 302.012237549, 191.062133789, 126.374305725, 938.851074219, 1535.11633301, 5623.5703125, 835.301757812, 1117.69970703, 1726.88769531, 9498.28027344, 17240.4199219, 4515.64794922, 1243.15771484, 6011.91064453, 3792.57250977, 2000.45861816, 4427.85839844, 1515.91796875, 270.843963623, 203.63180542, 263.193603516, 200.307815552, 122.17565918, 140.075408936, 109.840309143, 95.9541091919, 66.5858306885, 48.0394668579, 25.1065998077, 10.115603447, 2.70237588882, 0.428324580193, 0.0495545677841, 0.00271854666062, 6.28100897302e-05, 5.92894977558e-08],
        "dvar2": [2.13844752312, 130.780014038, 1231.69421387, 2226.21142578, 842.128051758, 435.0887146, 237.255706787, 1999.25842285, 3110.90722656, 13283.828125, 1819.91662598, 2538.39306641, 3858.53051758, 21398.2753906, 37757.7226562, 8798.4140625, 2780.30981445, 11653.4121094, 7563.84570312, 4662.87451172, 11861.6171875, 3328.56860352, 722.054321289, 536.447875977, 632.831237793, 488.298278809, 309.701934814, 359.24118042, 268.776947021, 229.325942993, 148.037872314, 106.960174561, 50.9574775696, 19.9411735535, 5.6768321991, 0.916789650917, 0.112864106894, 0.00621522963047, 0.000136716611451, 1.27919506099e-07],
        "max": [12.6982545853, 97.4960403442, 204.985183716, 341.92868042, 261.58770752, 334.555480957, 320.843292236, 512.877990723, 811.663879395, 1145.5222168, 783.267883301, 1319.91772461, 979.451293945, 1730.7947998, 3069.39599609, 1836.74523926, 726.667602539, 2401.24194336, 1639.18334961, 2198.34277344, 2394.71459961, 1092.80541992, 323.726104736, 200.390350342, 250.16569519, 200.031616211, 159.12600708, 172.012832642, 150.734313965, 163.211761475, 131.130630493, 103.842689514, 102.859710693, 71.7958526611, 29.261920929, 9.89193439484, 3.49635148048, 0.721094191074, 0.1156713292, 0.00385852460749],
        "mean": [0.576857864857, 3.85704731941, 6.72088766098, 6.97529888153, 7.35064935684, 8.80784320831, 7.08659887314, 15.1236133575, 19.210981369, 27.1062164307, 11.2034196854, 12.3287239075, 19.7684898376, 47.5537223816, 70.9593276978, 29.1124458313, 19.8455066681, 33.8327445984, 23.3072147369, 17.3943157196, 22.6078071594, 17.9772033691, 8.02544689178, 7.66121387482, 10.8924255371, 9.49465560913, 5.02334547043, 4.38129329681, 4.64246082306, 4.90593290329, 5.37403106689, 4.63107204437, 3.45617032051, 2.20444655418, 1.19455885887, 0.482063740492, 0.13197979331, 0.0266952775419, 0.00359867908992, 0.000152468244778],
        "median": [0.071378774941, 0.232941001654, 0.33700221777, 1.25899124146, 1.48854410648, 0.888235807419, 0.993906617165, 1.41743123531, 2.68479204178, 2.5285012722, 1.70104193687, 1.61197185516, 2.97735309601, 6.34957695007, 8.14391517639, 3.85368490219, 4.33947086334, 4.46398162842, 3.87247467041, 3.93129253387, 4.34968090057, 2.8845076561, 2.25091648102, 2.35516762733, 3.05156946182, 2.33128452301, 1.61270081997, 1.32640039921, 1.38109111786, 1.63500928879, 1.82686042786, 1.57648670673, 1.17712926865, 0.73789525032, 0.421827048063, 0.175870597363, 0.0432779490948, 0.00722367363051, 0.000667219166644, 6.21069557383e-05],
        "min": [1.88427416795e-22, 1.09459027255e-21, 4.87892774151e-21, 1.00984907211e-20, 2.18458335152e-20, 2.64157155938e-20, 6.26855756639e-20, 6.45661255501e-20, 1.55144522275e-19, 3.03768379781e-19, 3.96682941351e-19, 3.82336811945e-19, 6.54004405954e-19, 1.07766455051e-18, 9.95942828307e-19, 1.44267567679e-18, 1.86505405329e-18, 2.45806727906e-18, 1.97629847195e-18, 3.57819680068e-18, 4.28586429038e-18, 4.59415450467e-18, 6.1835518596e-18, 8.51683770248e-18, 8.22455177868e-18, 7.67452547499e-18, 1.27702905749e-17, 9.17248669859e-18, 1.0038004651e-17, 1.27580706357e-17, 1.19433490176e-17, 9.75158261055e-18, 9.97264414771e-18, 1.00015375665e-17, 6.52190719404e-18, 4.89206897896e-18, 2.38341588313e-18, 9.63849978298e-19, 2.72063399932e-19, 3.16289277004e-20],
        "var": [1.50183010101, 137.287384033, 541.463867188, 520.869262695, 288.633300781, 609.322265625, 442.469696045, 2375.18725586, 3418.51489258, 6911.43554688, 1392.0300293, 1867.79846191, 3032.42944336, 19240.0605469, 38822.0898438, 9819.90722656, 3039.41113281, 12504.5966797, 6535.25830078, 2375.2277832, 5561.58300781, 3073.06567383, 284.443878174, 214.918807983, 387.58605957, 330.999328613, 114.5623703, 120.015144348, 110.681678772, 103.771827698, 95.6330566406, 78.4220352173, 51.6138076782, 21.1218700409, 5.33320236206, 0.76574242115, 0.0643065348268, 0.00322010088712, 7.70515907789e-05, 8.15837921664e-08]
    },
    "gfcc": {
        "mean": [-30.0767326355, 54.538936615, -94.0104293823, 23.8561553955, -48.1443443298, 26.8940925598, -34.9268188477, 11.4208078384, -24.9187507629, 3.40450501442, -13.1108016968, 3.45398378372, -10.2278194427],
        "cov": [[15685.8662109, -862.49432373, -553.760192871, 45.6615486145, -647.746520996, 142.899902344, -400.032531738, 292.924621582, -153.409118652, 239.06741333, -110.32043457, 77.8751831055, -237.816818237], [-862.49432373, 2197.42480469, 310.197357178, 209.082458496, 301.56652832, -85.0087432861, 115.981689453, -122.97756958, 30.9859352112, -35.5861282349, 117.761909485, -84.7110061646, 125.763938904], [-553.760192871, 310.197357178, 1514.17382812, 692.625061035, 301.570953369, 223.704421997, 0.0751387774944, 71.0234527588, 151.514068604, 1.36675667763, 29.075378418, 0.540920913219, 30.3582458496], [45.6615486145, 209.082458496, 692.625061035, 750.772583008, 349.128723145, 186.43006897, 63.546131134, 139.722961426, 129.397689819, 7.02908277512, 27.706445694, 18.2507038116, 29.891866684], [-647.746520996, 301.56652832, 301.570953369, 349.128723145, 503.775360107, 226.53578186, 248.657287598, 84.5745849609, 130.542953491, 8.66739082336, 35.6701278687, 12.9050645828, 32.2444572449], [142.899902344, -85.0087432861, 223.704421997, 186.43006897, 226.53578186, 374.684936523, 217.695419312, 108.909240723, 77.8460159302, 63.8018188477, 27.9367446899, 16.5776805878, -6.55717182159], [-400.032531738, 115.981689453, 0.0751387774944, 63.546131134, 248.657287598, 217.695419312, 397.787536621, 133.935211182, 126.278785706, 56.2994651794, 65.6893692017, 48.0697250366, 9.21385765076], [292.924621582, -122.97756958, 71.0234527588, 139.722961426, 84.5745849609, 108.909240723, 133.935211182, 261.468048096, 155.562316895, 67.5559921265, 50.6202278137, 71.2764968872, 20.5258693695], [-153.409118652, 30.9859352112, 151.514068604, 129.397689819, 130.542953491, 77.8460159302, 126.278785706, 155.562316895, 237.497833252, 108.40789032, 68.9556045532, 61.7126464844, 22.3577079773], [239.06741333, -35.5861282349, 1.36675667763, 7.02908277512, 8.66739082336, 63.8018188477, 56.2994651794, 67.5559921265, 108.40789032, 169.902481079, 94.8197402954, 30.9547901154, -3.14486479759], [-110.32043457, 117.761909485, 29.075378418, 27.706445694, 35.6701278687, 27.9367446899, 65.6893692017, 50.6202278137, 68.9556045532, 94.8197402954, 139.990921021, 48.2907371521, 16.0939254761], [77.8751831055, -84.7110061646, 0.540920913219, 18.2507038116, 12.9050645828, 16.5776805878, 48.0697250366, 71.2764968872, 61.7126464844, 30.9547901154, 48.2907371521, 114.797790527, 44.4534492493], [-237.816818237, 125.763938904, 30.3582458496, 29.891866684, 32.2444572449, -6.55717182159, 9.21385765076, 20.5258693695, 22.3577079773, -3.14486479759, 16.0939254761, 44.4534492493, 118.81427002]],
        "icov": [[8.99301521713e-05, -4.98205699841e-05, 5.8313828049e-05, -9.08467554837e-05, 0.000119811949844, -0.000127287261421, 0.000135569658596, -0.000197104236577, 0.000207731965929, -0.000297177495668, 0.000280619307887, -0.000253492587944, 0.000234566672589], [-4.98205699841e-05, 0.000789072480984, -0.000129216947244, -4.28367602581e-05, -0.000362848542864, 0.000610379502177, -0.0004951407318, 0.000587429152802, -0.000309706840198, 0.000598590006121, -0.00128271430731, 0.00138665561099, -0.00109301507473], [5.8313828049e-05, -0.000129216947244, 0.00138619611971, -0.00120229867753, 0.000448225502623, -0.000945129431784, 0.000611862924416, 0.000574502628297, -0.00103463791311, 0.000632767856587, -0.000234503197134, -4.80618073198e-05, 0.000142474935274], [-9.08467554837e-05, -4.28367602581e-05, -0.00120229867753, 0.00371525622904, -0.00236140005291, -2.62540706899e-05, 0.00127580750268, -0.00172228808515, 0.000383406586479, 0.000271502067335, -0.000295055826427, 8.79638973856e-05, 1.6096397303e-05], [0.000119811949844, -0.000362848542864, 0.000448225502623, -0.00236140005291, 0.00596787407994, -0.00186596973799, -0.00220987503417, 0.00165351224132, -0.00231227232143, 0.00175934261642, -0.000112264249765, 0.000501682807226, -0.00042422109982], [-0.000127287261421, 0.000610379502177, -0.000945129431784, -2.62540706899e-05, -0.00186596973799, 0.00642843032256, -0.00295504252426, -0.000941935344599, 0.00241396576166, -0.0029473095201, 0.00106691173278, 0.000850048381835, -0.000394520437112], [0.000135569658596, -0.0004951407318, 0.000611862924416, 0.00127580750268, -0.00220987503417, -0.00295504252426, 0.00670629926026, -0.00191523821559, -0.00090293912217, 0.000783514638897, -0.000885548419319, -0.00151973124593, 0.00144479051232], [-0.000197104236577, 0.000587429152802, 0.000574502628297, -0.00172228808515, 0.00165351224132, -0.000941935344599, -0.00191523821559, 0.0092130927369, -0.00552059616894, 0.00215367670171, -0.00146578252316, -0.000692529487424, -0.0011201283196], [0.000207731965929, -0.000309706840198, -0.00103463791311, 0.000383406586479, -0.00231227232143, 0.00241396576166, -0.00090293912217, -0.00552059616894, 0.0129193188623, -0.0081078754738, 0.00320430309512, -0.00311843352392, 0.000783014460467], [-0.000297177495668, 0.000598590006121, 0.000632767856587, 0.000271502067335, 0.00175934261642, -0.0029473095201, 0.000783514638897, 0.00215367670171, -0.0081078754738, 0.0166085306555, -0.0103678628802, 0.00359787233174, -0.00050779862795], [0.000280619307887, -0.00128271430731, -0.000234503197134, -0.000295055826427, -0.000112264249765, 0.00106691173278, -0.000885548419319, -0.00146578252316, 0.00320430309512, -0.0103678628802, 0.0168463252485, -0.00665868958458, 0.00179681694135], [-0.000253492587944, 0.00138665561099, -4.80618073198e-05, 8.79638973856e-05, 0.000501682807226, 0.000850048381835, -0.00151973124593, -0.000692529487424, -0.00311843352392, 0.00359787233174, -0.00665868958458, 0.016821924597, -0.00654655275866], [0.000234566672589, -0.00109301507473, 0.000142474935274, 1.6096397303e-05, -0.00042422109982, -0.000394520437112, 0.00144479051232, -0.0011201283196, 0.000783014460467, -0.00050779862795, 0.00179681694135, -0.00654655275866, 0.0122224912047]]
    },
    "melbands": {
        "dmean": [0.00338442041539, 0.00316635309719, 0.00124003028031, 0.000335768796504, 0.000148416977026, 0.000176643501618, 0.000191256171092, 0.000205102478503, 5.11422331329e-05, 6.0589180066e-05, 7.20207026461e-05, 0.000126945655211, 0.000171104926267, 0.000102226666058, 1.96609544219e-05, 4.10734865e-05, 4.26305377914e-05, 3.26749031956e-05, 1.90036516869e-05, 1.73552871274e-05, 2.1692867449e-05, 1.58373914019e-05, 6.95542985341e-06, 5.64192168895e-06, 4.68506732432e-06, 6.07742731518e-06, 5.30665829501e-06, 4.15030262957e-06, 2.77438016383e-06, 2.34594949688e-06, 2.22803441829e-06, 2.22116159421e-06, 2.150815817e-06, 2.15465070141e-06, 2.07577727451e-06, 2.17888896259e-06, 1.86523391221e-06, 1.59232001806e-06, 1.39980193126e-06, 1.11000247216e-06],
        "dmean2": [0.0045699197799, 0.00392577936873, 0.00211005029269, 0.000544074282516, 0.000218667119043, 0.000249699718552, 0.000278278574115, 0.000315196753945, 7.72386483732e-05, 9.12081377464e-05, 0.000108207394078, 0.000194971798919, 0.000257630163105, 0.000150293912156, 3.10606046696e-05, 6.06610301475e-05, 6.44507526886e-05, 5.02829097968e-05, 3.03309061565e-05, 2.75576639979e-05, 3.47331188095e-05, 2.47828884312e-05, 1.15080529213e-05, 9.12563245947e-06, 7.66634639149e-06, 9.59493627306e-06, 8.41524797579e-06, 6.57427926853e-06, 4.48069067716e-06, 3.86193960367e-06, 3.57257226824e-06, 3.47870445694e-06, 3.35636991622e-06, 3.31239220941e-06, 3.10511950374e-06, 3.28732880917e-06, 2.77175308838e-06, 2.32532147493e-06, 2.05887135962e-06, 1.61406921961e-06],
        "dvar": [9.38649318414e-05, 8.81399319042e-05, 1.96936944121e-05, 9.64425112215e-07, 1.76589963985e-07, 3.97590895318e-07, 3.92166697338e-07, 5.5419019418e-07, 3.71035184799e-08, 5.84331019127e-08, 4.83103690385e-08, 1.73177738816e-07, 3.00222382066e-07, 1.63491151284e-07, 4.1141681173e-09, 1.52551837829e-08, 1.95744398468e-08, 1.73992820152e-08, 2.70441180561e-09, 2.4177708724e-09, 7.04863811762e-09, 2.66525868042e-09, 3.3943700628e-10, 2.03054059678e-10, 1.44872239205e-10, 1.7545764841e-10, 1.47384604521e-10, 8.36090086054e-11, 5.03932312546e-11, 5.39658560894e-11, 4.41345467117e-11, 3.57358621861e-11, 3.64836182098e-11, 3.03906552701e-11, 2.07734211777e-11, 2.6491361188e-11, 1.83285348704e-11, 1.3363600157e-11, 1.1282385616e-11, 7.00955352789e-12],
        "dvar2": [0.000161837626365, 0.000144000179716, 5.38565800525e-05, 2.4924763693e-06, 3.50480405586e-07, 8.46762475248e-07, 8.0498080024e-07, 1.32805951125e-06, 7.99907198257e-08, 1.29968029228e-07, 1.08101453122e-07, 3.90361122982e-07, 6.43763087282e-07, 3.17223566526e-07, 9.29764087942e-09, 3.01758618093e-08, 3.83061298237e-08, 3.37761854041e-08, 6.42837827414e-09, 5.73760772227e-09, 1.90125142296e-08, 5.82628878476e-09, 8.94420593145e-10, 5.07291597618e-10, 3.88312076938e-10, 4.13597711635e-10, 3.5993991121e-10, 2.0559699776e-10, 1.2824898088e-10, 1.4184652064e-10, 1.10852514668e-10, 8.72436428656e-11, 9.04264788049e-11, 7.27919183263e-11, 4.55927691434e-11, 6.16811948739e-11, 4.11747649864e-11, 2.75328353866e-11, 2.37463122083e-11, 1.43364391539e-11],
        "max": [0.105379760265, 0.0967413112521, 0.054167971015, 0.0193143002689, 0.0105628157035, 0.0102704837918, 0.0121610835195, 0.0116420257837, 0.0051378570497, 0.00851199217141, 0.00475852191448, 0.00751753244549, 0.0114243924618, 0.0111778741702, 0.00165157287847, 0.00323375710286, 0.00408215261996, 0.00389308016747, 0.00182249350473, 0.0020784123335, 0.00296017760411, 0.00154604809359, 0.000328326568706, 0.000435203604866, 0.000173555745278, 0.000221157752094, 0.000164284079801, 0.000166841273312, 0.000112632864329, 0.000113768837764, 9.18453370105e-05, 8.64507092047e-05, 8.54620739119e-05, 9.96011149255e-05, 7.53447748139e-05, 9.46610743995e-05, 7.17231232557e-05, 7.38168164389e-05, 7.37425143598e-05, 6.23460146016e-05],
        "mean": [0.00519700953737, 0.00421583466232, 0.00124391331337, 0.000572142191231, 0.000290925847366, 0.00031225787825, 0.000315324490657, 0.0002721377532, 7.26518992451e-05, 9.0638815891e-05, 0.000102540863736, 0.000188276855624, 0.000261370412773, 0.00014921562979, 2.69712891168e-05, 5.87320173508e-05, 6.0266287619e-05, 4.1199309635e-05, 2.21890841203e-05, 2.10719863389e-05, 2.60472843365e-05, 2.09004701901e-05, 7.89519344835e-06, 7.07906337993e-06, 5.6351072999e-06, 8.5645915533e-06, 7.35497269488e-06, 5.76138018005e-06, 3.22701680489e-06, 2.5450119665e-06, 2.50195080298e-06, 2.62508410742e-06, 2.60062074631e-06, 2.77752155853e-06, 3.02136777464e-06, 3.11670055453e-06, 2.75663478533e-06, 2.48233732236e-06, 2.13881889977e-06, 1.75671857505e-06],
        "median": [0.000554395839572, 0.000234207924223, 0.000247172021773, 8.51482909638e-05, 3.69386762031e-05, 2.6589135814e-05, 4.03700396419e-05, 2.36905070778e-05, 8.57435134094e-06, 7.20302341506e-06, 1.22912470033e-05, 1.91447652469e-05, 2.42287442234e-05, 9.31149315875e-06, 5.10599966219e-06, 9.4171409728e-06, 6.87254396325e-06, 4.7959447329e-06, 4.69264614367e-06, 4.6043205657e-06, 4.50234165328e-06, 2.64870777755e-06, 2.00572708309e-06, 1.87843238564e-06, 1.7221187818e-06, 2.23847109737e-06, 1.86017928172e-06, 1.37058430028e-06, 1.00098486655e-06, 7.80281311563e-07, 7.15715259503e-07, 7.62794115872e-07, 7.69125108491e-07, 9.07201638256e-07, 9.8570967566e-07, 1.04718128568e-06, 9.01919690932e-07, 8.3763393377e-07, 6.92767002874e-07, 5.84256099501e-07],
        "min": [2.29287687749e-24, 2.21748406027e-24, 1.9342027287e-24, 2.25298575924e-24, 2.36123699974e-24, 1.09423665303e-24, 2.97697311019e-24, 3.14263212535e-24, 2.42496000037e-24, 1.76239888152e-24, 3.48765464175e-24, 4.24078369784e-24, 3.14761654298e-24, 3.39255312089e-24, 3.91522869086e-24, 3.99925618233e-24, 4.52001718689e-24, 3.00906515511e-24, 3.97846969748e-24, 5.39319509553e-24, 4.13134384116e-24, 3.21341957261e-24, 5.49690111672e-24, 6.14683967222e-24, 6.00347879663e-24, 5.04675065736e-24, 7.30896746969e-24, 3.99366079193e-24, 7.24951891187e-24, 7.13305700985e-24, 5.25945358981e-24, 5.84339249212e-24, 5.53508080124e-24, 6.72298975638e-24, 5.59450293221e-24, 6.31659386156e-24, 5.3032294536e-24, 6.20645191868e-24, 7.69412880666e-24, 7.94938447407e-24],
        "var": [0.000152427921421, 0.000153725894052, 1.35784721351e-05, 1.81853681624e-06, 6.52126686873e-07, 1.02484170839e-06, 8.37423840494e-07, 6.59470572373e-07, 6.38329638036e-08, 1.03244936156e-07, 8.40784153411e-08, 3.50610548594e-07, 6.51292225484e-07, 3.61642435109e-07, 8.28023960509e-09, 3.44928174911e-08, 4.03305691066e-08, 3.05588336857e-08, 3.25825166847e-09, 3.03309888317e-09, 8.30966939702e-09, 5.49873035993e-09, 3.3078290107e-10, 2.78531503417e-10, 1.35661024081e-10, 2.79607614839e-10, 2.02546326933e-10, 1.33621821941e-10, 4.87216968159e-11, 4.27162437366e-11, 3.97344691871e-11, 3.60417772016e-11, 3.58521927424e-11, 3.3106350994e-11, 3.03083669273e-11, 3.578734184e-11, 3.0199620582e-11, 2.66985721725e-11, 2.17346557418e-11, 1.37040509149e-11]
    },
    "mfcc": {
        "mean": [-680.826538086, 93.9587173462, 13.6022863388, 10.1917695999, 13.3726873398, 10.6146602631, 8.01159763336, 7.11916446686, -0.3857896626, 4.06370592117, -4.61209726334, -1.05917274952, 5.05831098557],
        "cov": [[9268.421875, -584.913574219, -215.427810669, -55.1540031433, -162.742614746, -186.022354126, -90.9701385498, -19.2702598572, -50.927406311, 157.282608032, 17.0098876953, 125.848640442, 174.383911133], [-584.913574219, 1789.31567383, 162.758392334, 233.340515137, 103.88671875, 110.221160889, 99.043296814, -56.9165992737, -22.0291748047, -3.49825692177, -15.9654684067, -30.1444072723, -18.670211792], [-215.427810669, 162.758392334, 1083.11828613, 376.561584473, 388.373657227, 167.396057129, 43.5078163147, 85.4901046753, 48.0242843628, 53.2486114502, 69.1093902588, 42.3099746704, -49.4129524231], [-55.1540031433, 233.340515137, 376.561584473, 540.13458252, 330.970611572, 121.736816406, 76.3611831665, 133.434432983, 103.714416504, 54.9645080566, 46.9429740906, 65.0453338623, 32.6805953979], [-162.742614746, 103.88671875, 388.373657227, 330.970611572, 414.447052002, 171.602081299, 78.6381912231, 119.103981018, 102.200721741, 66.0338363647, 33.9168777466, 48.7645492554, 19.201833725], [-186.022354126, 110.221160889, 167.396057129, 121.736816406, 171.602081299, 329.532714844, 179.883041382, 110.292602539, 95.9846496582, 70.2458572388, 82.5949172974, 26.3598880768, 25.4002056122], [-90.9701385498, 99.043296814, 43.5078163147, 76.3611831665, 78.6381912231, 179.883041382, 240.719238281, 128.885482788, 65.7921676636, 70.8947067261, 55.5715179443, 27.6640758514, 31.9556045532], [-19.2702598572, -56.9165992737, 85.4901046753, 133.434432983, 119.103981018, 110.292602539, 128.885482788, 251.679367065, 162.679718018, 60.1749000549, 75.4807357788, 65.2070388794, 66.2771835327], [-50.927406311, -22.0291748047, 48.0242843628, 103.714416504, 102.200721741, 95.9846496582, 65.7921676636, 162.679718018, 199.470672607, 87.1849517822, 69.0171737671, 46.6364555359, 58.5374755859], [157.282608032, -3.49825692177, 53.2486114502, 54.9645080566, 66.0338363647, 70.2458572388, 70.8947067261, 60.1749000549, 87.1849517822, 157.362304688, 81.4122619629, 48.5072174072, 58.305229187], [17.0098876953, -15.9654684067, 69.1093902588, 46.9429740906, 33.9168777466, 82.5949172974, 55.5715179443, 75.4807357788, 69.0171737671, 81.4122619629, 167.474945068, 114.867370605, 58.1573486328], [125.848640442, -30.1444072723, 42.3099746704, 65.0453338623, 48.7645492554, 26.3598880768, 27.6640758514, 65.2070388794, 46.6364555359, 48.5072174072, 114.867370605, 163.545227051, 111.158958435], [174.383911133, -18.670211792, -49.4129524231, 32.6805953979, 19.201833725, 25.4002056122, 31.9556045532, 66.2771835327, 58.5374755859, 58.305229187, 58.1573486328, 111.158958435, 174.188049316]],
